[[  1.00000000e+00   0.00000000e+00   0.00000000e+00   0.00000000e+00
    0.00000000e+00   0.00000000e+00   0.00000000e+00   0.00000000e+00
    0.00000000e+00   0.00000000e+00   0.00000000e+00   0.00000000e+00
    0.00000000e+00   0.00000000e+00   0.00000000e+00   0.00000000e+00]
 [  7.49923974e-01   6.69423248e-06   1.16156822e-05   1.65371320e-05
    1.16156822e-05   6.59297234e-06   6.59297234e-06   2.02685590e-05
    2.02685590e-05   2.70163748e-06   2.70163748e-06   1.16156822e-05
    1.65371320e-05   1.16156822e-05   6.69423248e-06   2.49923974e-01]
 [  7.49920952e-01   6.95672606e-06   1.20772263e-05   1.71977216e-05
    1.20772020e-05   6.85274525e-06   6.85272094e-06   2.10777208e-05
    2.10777208e-05   2.80835111e-06   2.80835597e-06   1.20772117e-05
    1.71977119e-05   1.20772360e-05   6.95671634e-06   2.49920952e-01]
 [  7.49917931e-01   7.21920992e-06   1.25387557e-05   1.78583016e-05
    1.25387557e-05   7.11249386e-06   7.11249386e-06   2.18868826e-05
    2.18868826e-05   2.91506960e-06   2.91506960e-06   1.25387557e-05
    1.78583016e-05   1.25387557e-05   7.21920992e-06   2.49917931e-01]
 [  7.49920952e-01   6.95671634e-06   1.20772117e-05   1.71977119e-05
    1.20772360e-05   6.85272094e-06   6.85274525e-06   2.10777208e-05
    2.10777208e-05   2.80835597e-06   2.80835111e-06   1.20772263e-05
    1.71977216e-05   1.20772020e-05   6.95672606e-06   2.49920952e-01]
 [  4.99894411e-01   9.29461225e-06   1.61324068e-05   2.29701989e-05
    1.61323947e-05   9.15496343e-06   9.15495127e-06   2.81528142e-05
    2.81528142e-05   3.75168118e-06   3.75168361e-06   1.61323995e-05
    2.29701941e-05   1.61324117e-05   9.29460739e-06   4.99894411e-01]
 [  4.99894411e-01   9.29460739e-06   1.61323995e-05   2.29701941e-05
    1.61324117e-05   9.15495127e-06   9.15496343e-06   2.81528142e-05
    2.81528142e-05   3.75168361e-06   3.75168118e-06   1.61324068e-05
    2.29701989e-05   1.61323947e-05   9.29461225e-06   4.99894411e-01]
 [  4.99886016e-01   1.00275659e-05   1.74147615e-05   2.48019546e-05
    1.74147493e-05   9.87898891e-06   9.87897676e-06   3.03970573e-05
    3.03970573e-05   4.04884242e-06   4.04884485e-06   1.74147542e-05
    2.48019498e-05   1.74147663e-05   1.00275610e-05   4.99886016e-01]
 [  4.99886016e-01   1.00275610e-05   1.74147542e-05   2.48019498e-05
    1.74147663e-05   9.87897676e-06   9.87898891e-06   3.03970573e-05
    3.03970573e-05   4.04884485e-06   4.04884242e-06   1.74147615e-05
    2.48019546e-05   1.74147493e-05   1.00275659e-05   4.99886016e-01]
 [  4.99910012e-01   7.91854547e-06   1.37486847e-05   1.95788239e-05
    1.37486847e-05   7.80052603e-06   7.80052603e-06   2.39959006e-05
    2.39959006e-05   3.19684924e-06   3.19684924e-06   1.37486847e-05
    1.95788239e-05   1.37486847e-05   7.91854547e-06   4.99910012e-01]
 [  4.99910012e-01   7.91854547e-06   1.37486847e-05   1.95788239e-05
    1.37486847e-05   7.80052603e-06   7.80052603e-06   2.39959006e-05
    2.39959006e-05   3.19684924e-06   3.19684924e-06   1.37486847e-05
    1.95788239e-05   1.37486847e-05   7.91854547e-06   4.99910012e-01]
 [  2.49926569e-01   6.46051434e-06   1.12190006e-05   1.59774844e-05
    1.12189884e-05   6.36460654e-06   6.36459439e-06   1.95819340e-05
    1.95819340e-05   2.60845278e-06   2.60845521e-06   1.12189933e-05
    1.59774796e-05   1.12190055e-05   6.46050948e-06   7.49926569e-01]
 [  2.49917931e-01   7.21920992e-06   1.25387557e-05   1.78583016e-05
    1.25387557e-05   7.11249386e-06   7.11249386e-06   2.18868826e-05
    2.18868826e-05   2.91506960e-06   2.91506960e-06   1.25387557e-05
    1.78583016e-05   1.25387557e-05   7.21920992e-06   7.49917931e-01]
 [  2.49926569e-01   6.46050948e-06   1.12189933e-05   1.59774796e-05
    1.12190055e-05   6.36459439e-06   6.36460654e-06   1.95819340e-05
    1.95819340e-05   2.60845521e-06   2.60845278e-06   1.12190006e-05
    1.59774844e-05   1.12189884e-05   6.46051434e-06   7.49926569e-01]
 [  2.49935208e-01   5.70181390e-06   9.89923816e-06   1.40966624e-05
    9.89923816e-06   5.61670708e-06   5.61670708e-06   1.72769855e-05
    1.72769855e-05   2.30183840e-06   2.30183840e-06   9.89923816e-06
    1.40966624e-05   9.89923816e-06   5.70181390e-06   7.49935208e-01]
 [  0.00000000e+00   0.00000000e+00   0.00000000e+00   0.00000000e+00
    0.00000000e+00   0.00000000e+00   0.00000000e+00   0.00000000e+00
    0.00000000e+00   0.00000000e+00   0.00000000e+00   0.00000000e+00
    0.00000000e+00   0.00000000e+00   0.00000000e+00   1.00000000e+00]]
